xIn=-3441.6408;
yIn=-7752.3491; 
zIn=-3456.8431; 
vxIn=4.9270; 
vyIn=-0.5369;
vzIn=-4.0350;
aF=12930.0; 
eF=0.2055; 
iF=1.5510; 
omegoneF=2.6830; 
omeghinoF=0.4098; 
thetaF=1.6940;
